1000 0
2000 198.2
3000 200
4000 403.6
5000 998.4
6000 599.2
7000 536
8000 999.6
9000 999
10000 1402.6
11000 1202
12000 1301
13000 1595.8
14000 2003.4
15000 1998.4
16000 2400
17000 2597.2
18000 2799.4
19000 2819.6
20000 3003.4
21000 3517
22000 3603
23000 3802.4
24000 4008.2
25000 4604.8
26000 4607.4
27000 4801
28000 4873.4
29000 5118.4
30000 5497.2
31000 6012.8
32000 6200.2
33000 6701.2
34000 6716.2
35000 7104.2
36000 7601.4
37000 7599
38000 8006.2
39000 8405.6
40000 8806.4
41000 8801.4
42000 9203
43000 9602.6
44000 9995
45000 10513
46000 10711.6
47000 11868.6
48000 11723.6
49000 12009.6
50000 12104.2
51000 12600.6
52000 12821.2
53000 13715.6
54000 13600.4
55000 14759.8
56000 15009.8
57000 15404.6
58000 15504
59000 16006
60000 16603.8
61000 16806.4
62000 18009
63000 18402.4
64000 19007.2
65000 18605.4
66000 19820.8
67000 19905
68000 20521.4
69000 21001.8
70000 21397.8
71000 21913
72000 22612.4
73000 23110.8
74000 24118.6
75000 24204
76000 25018.6
77000 25539.2
78000 26101.2
79000 26436.8
80000 27524.6
81000 28114.6
82000 29321.2
83000 29818.6
84000 30795.8
85000 30508.6
86000 31018.8
87000 31440.2
88000 32401.8
89000 32952.8
90000 33648.6
91000 34314
92000 35436.4
93000 36325.6
94000 37036.6
95000 37736.2
96000 39325.6
97000 39128
98000 41131
99000 39874.8
