1000 3199.4
2000 10117.4
3000 19009.6
4000 30820.8
5000 43627.2
6000 56498.6
7000 72641.6
8000 90568.4
9000 113293
10000 133998
11000 154981
12000 178387
13000 206768
14000 233456
15000 264986
16000 295849
17000 333281
18000 369860
19000 404018
20000 458056
21000 497037
22000 553997
23000 646207
24000 670121
25000 865493
26000 847180
27000 884495
28000 977712
29000 1.0097e+06
30000 1.05165e+06
31000 1.11544e+06
32000 1.20037e+06
33000 1.26544e+06
34000 1.32688e+06
35000 1.4225e+06
36000 1.47049e+06
37000 1.54717e+06
38000 1.63373e+06
39000 1.74461e+06
40000 1.97178e+06
41000 2.06841e+06
42000 2.01855e+06
43000 2.17955e+06
44000 2.30548e+06
45000 2.53187e+06
46000 2.69436e+06
47000 2.8382e+06
48000 3.34069e+06
49000 3.61514e+06
50000 3.44859e+06
51000 3.133e+06
52000 3.12908e+06
53000 3.28556e+06
54000 3.23686e+06
55000 3.37325e+06
56000 3.55179e+06
57000 3.7076e+06
58000 3.72292e+06
59000 3.87009e+06
60000 4.02698e+06
61000 4.65474e+06
62000 4.30824e+06
63000 4.56294e+06
64000 4.52915e+06
65000 5.63941e+06
66000 6.7025e+06
67000 5.95887e+06
68000 5.84654e+06
69000 6.86133e+06
70000 6.20891e+06
71000 6.60131e+06
72000 6.96544e+06
73000 7.04731e+06
74000 6.61755e+06
75000 6.41293e+06
76000 6.8505e+06
77000 6.98962e+06
78000 7.24906e+06
79000 7.37066e+06
80000 7.95157e+06
81000 7.99146e+06
82000 7.97344e+06
83000 8.0771e+06
84000 8.14184e+06
85000 8.15739e+06
86000 8.53429e+06
87000 1.02287e+07
88000 1.06637e+07
89000 9.61951e+06
90000 1.11547e+07
91000 1.09792e+07
92000 1.14723e+07
93000 1.04444e+07
94000 1.1158e+07
95000 1.12259e+07
96000 1.09563e+07
97000 1.1254e+07
98000 1.12795e+07
99000 1.15057e+07
