1000 998.4
2000 3218.2
3000 7194.4
4000 12913
5000 19829.6
6000 27760.4
7000 37015
8000 47720
9000 63777.8
10000 76319.8
11000 92957.2
12000 110219
13000 129936
14000 148504
15000 174853
16000 197474
17000 256157
18000 255944
19000 286682
20000 327114
21000 367186
22000 448953
23000 527433
24000 613341
25000 618550
26000 602714
27000 722055
28000 773780
29000 791533
30000 853642
31000 902997
32000 1.00332e+06
33000 1.13533e+06
34000 1.14921e+06
35000 1.34915e+06
36000 1.26088e+06
37000 1.31739e+06
38000 1.43989e+06
39000 1.51197e+06
40000 1.59796e+06
41000 1.70355e+06
42000 1.75821e+06
43000 2.08018e+06
44000 1.96717e+06
45000 2.2963e+06
46000 2.33494e+06
47000 2.57445e+06
48000 2.72108e+06
49000 2.64652e+06
50000 3.32162e+06
51000 2.85379e+06
52000 2.95428e+06
53000 2.84825e+06
54000 3.06201e+06
55000 3.04289e+06
56000 3.16273e+06
57000 3.56337e+06
58000 3.37754e+06
59000 3.53637e+06
60000 4.18736e+06
61000 3.78989e+06
62000 4.09138e+06
63000 3.98842e+06
64000 4.15962e+06
65000 4.78173e+06
66000 5.14872e+06
67000 5.15001e+06
68000 5.24305e+06
69000 5.12605e+06
70000 5.67349e+06
71000 5.64354e+06
72000 7.36276e+06
73000 5.99848e+06
74000 6.63384e+06
75000 6.71275e+06
76000 6.50892e+06
77000 6.43512e+06
78000 6.37588e+06
79000 7.75998e+06
80000 7.21618e+06
81000 6.97336e+06
82000 7.49539e+06
83000 7.5117e+06
84000 7.60347e+06
85000 8.68683e+06
86000 8.29823e+06
87000 8.99183e+06
88000 8.85505e+06
89000 9.23166e+06
90000 9.94313e+06
91000 1.0616e+07
92000 1.10529e+07
93000 9.99263e+06
94000 1.04798e+07
95000 1.02456e+07
96000 9.9891e+06
97000 1.03082e+07
98000 1.0358e+07
99000 1.06139e+07
