1000 596.8
2000 2099.4
3000 4807
4000 8115
5000 14415.8
6000 18338.6
7000 25247.2
8000 33616.8
9000 49143.4
10000 57727.8
11000 63800
12000 76029
13000 94332.2
14000 104286
15000 120339
16000 141614
17000 162674
18000 193074
19000 192997
20000 225576
21000 242527
22000 269689
23000 298841
24000 328980
25000 365891
26000 382473
27000 438322
28000 482111
29000 527309
30000 591995
31000 655629
32000 674840
33000 704551
34000 756143
35000 789981
36000 871212
37000 960845
38000 961229
39000 1.06738e+06
40000 1.11863e+06
41000 1.23586e+06
42000 1.28121e+06
43000 1.33118e+06
44000 1.39739e+06
45000 1.46697e+06
46000 1.60428e+06
47000 1.73057e+06
48000 1.68111e+06
49000 1.82666e+06
50000 1.95499e+06
51000 1.89791e+06
52000 2.12418e+06
53000 2.21044e+06
54000 2.35913e+06
55000 2.38137e+06
56000 2.42946e+06
57000 2.50243e+06
58000 2.59213e+06
59000 2.70378e+06
60000 2.86624e+06
61000 2.79017e+06
62000 2.96685e+06
63000 3.2365e+06
64000 3.23426e+06
65000 3.38447e+06
66000 3.30904e+06
67000 3.66326e+06
68000 3.78427e+06
69000 3.83639e+06
70000 4.11209e+06
71000 4.2576e+06
72000 4.49623e+06
73000 4.57151e+06
74000 4.4684e+06
75000 4.51176e+06
76000 4.55306e+06
77000 4.87402e+06
78000 4.98594e+06
79000 5.43978e+06
80000 5.75102e+06
81000 5.48887e+06
82000 5.85864e+06
83000 5.60646e+06
84000 6.089e+06
85000 6.33966e+06
86000 6.7298e+06
87000 6.10597e+06
88000 6.62328e+06
89000 7.13364e+06
90000 7.08031e+06
91000 7.15748e+06
92000 7.68284e+06
93000 7.50133e+06
94000 7.96874e+06
95000 8.38659e+06
96000 8.34919e+06
97000 8.43492e+06
98000 8.1982e+06
99000 8.64034e+06
