1000 1203
2000 1999.6
3000 3206.2
4000 4399.6
5000 5997.8
6000 6274.6
7000 7518.6
8000 9202.6
9000 10504.6
10000 16558.4
11000 12297
12000 13208.6
13000 14795.6
14000 15853.6
15000 16203.6
16000 18301.2
17000 19501
18000 20951.6
19000 21804
20000 23302
21000 26117.8
22000 26271.8
23000 29225.2
24000 28149
25000 30026
26000 31742.2
27000 32152.2
28000 51177.2
29000 34673.6
30000 36724.6
31000 38036
32000 38326.8
33000 39441
34000 40928.2
35000 42526
36000 44930.6
37000 45197
38000 46727.6
39000 48523.8
40000 49532.8
41000 57410.2
42000 51232
43000 53698.6
44000 55813.2
45000 55804.6
46000 102151
47000 61013.2
48000 60344.2
49000 62833.2
50000 63214.2
51000 62952.8
52000 64924.6
53000 65848
54000 71826
55000 70836.4
56000 69958.8
57000 72953.4
58000 73335.4
59000 74435.2
60000 75374.2
61000 76810.4
62000 81555
63000 80751.2
64000 82236.6
65000 84932.2
66000 84015.6
67000 115309
68000 86969.4
69000 88920.2
70000 91247.6
71000 91160.6
72000 93632.8
73000 95245
74000 95178.2
75000 99634.2
76000 98862.2
77000 99462.4
78000 104361
79000 109420
80000 122354
81000 112180
82000 112024
83000 117487
84000 118822
85000 131078
86000 119198
87000 122004
88000 125432
89000 122771
90000 125524
91000 127986
92000 132188
93000 138531
94000 132931
95000 135534
96000 138612
97000 142376
98000 197462
99000 145563
