1000 2399.4
2000 8799.8
3000 19228.4
4000 34669
5000 56085.4
6000 82597.8
7000 110987
8000 146196
9000 189640
10000 239631
11000 283975
12000 341776
13000 405034
14000 465301
15000 536602
16000 613414
17000 699253
18000 778855
19000 868530
20000 972766
21000 1.07155e+06
22000 1.17598e+06
23000 1.28394e+06
24000 1.41555e+06
25000 1.55549e+06
26000 1.6605e+06
27000 1.80903e+06
28000 1.95739e+06
29000 2.08311e+06
30000 2.25506e+06
31000 2.40353e+06
32000 2.55076e+06
33000 2.71546e+06
34000 2.89187e+06
35000 3.0645e+06
36000 3.25262e+06
37000 3.45678e+06
38000 3.66172e+06
39000 3.83882e+06
40000 4.034e+06
41000 4.28951e+06
42000 4.5006e+06
43000 4.66466e+06
44000 4.89604e+06
45000 5.10606e+06
46000 5.34017e+06
47000 5.9433e+06
48000 5.9246e+06
49000 6.11984e+06
50000 6.39342e+06
51000 6.60744e+06
52000 6.86682e+06
53000 7.15805e+06
54000 7.47106e+06
55000 7.69662e+06
56000 8.00791e+06
57000 8.34088e+06
58000 8.66447e+06
59000 9.05672e+06
60000 9.18902e+06
61000 9.61485e+06
62000 9.84304e+06
63000 1.01723e+07
64000 1.05493e+07
65000 1.08672e+07
66000 1.14211e+07
67000 1.16491e+07
68000 1.18919e+07
69000 1.2335e+07
70000 1.26724e+07
71000 1.29662e+07
72000 1.34465e+07
73000 1.38166e+07
74000 1.41323e+07
75000 1.45537e+07
76000 1.49215e+07
77000 1.52917e+07
78000 1.60478e+07
79000 1.64124e+07
80000 1.70164e+07
81000 1.73613e+07
82000 1.79917e+07
83000 1.81583e+07
84000 1.86989e+07
85000 1.90729e+07
86000 1.95856e+07
87000 1.99292e+07
88000 2.04474e+07
89000 2.09899e+07
90000 2.17905e+07
91000 2.19986e+07
92000 2.25035e+07
93000 2.31074e+07
94000 2.37184e+07
95000 2.4184e+07
96000 2.47494e+07
97000 2.52455e+07
98000 2.60256e+07
99000 2.72075e+07
